Bed_File InBed_Index_SNP ExpectNum_of_InBed_SNP PValue N1_N2 Np Np_Nn odds low high p_fisher
1_GATA2_1-Interval-Track.bed 4733 3746.99035984807 3.41996394080227e-77 238311 24496 4796183 4.65248268992641 4.50535770513595 4.80439058800706 0
1_GATA2-Interval-Track.bed 4733 3746.99035984807 3.41996394080227e-77 238311 24496 4796183 4.65248268992641 4.50535770513595 4.80439058800706 0
adult_peaks.bed 3 15.7667233549866 0.999991232274058 739 24496 4796183 0.793974273652249 0.163331611744079 2.32970169151749 1
All_peaks.merged5.hg19.bed 18834 17892.4463222588 3.96240843013105e-55 1502739 24496 4796183 7.36992785912251 7.15480724323354 7.59303191711117 0
All_peaks.narrowPeak.cleaned.hg19.merged.bed 18834 17892.4463222588 3.96240843013105e-55 1502739 24496 4796183 7.36992785912251 7.15480724323354 7.59303191711117 0
CN_all_peaks.narrowPeak.cleaned.hg19.merged.bed 9292 8020.98957129616 6.95055555053184e-80 521730 24496 4796183 5.07980289230844 4.94829788670107 5.21375736750961 0
CN_all_peaks.overlap.Conserved.bed 2141 1283.43805961803 4.44309919786707e-135 75790 24496 4796183 6.10924017729522 5.83827803224894 6.39105508875428 0
CN_all_peaks.overlap.footprint.bed 1255 1249.81186330997 0.437853131077804 54211 24496 4796183 4.81163232714433 4.53895235486961 5.09599625945582 0
CN_footprint.hg19.bed 1255 1250.87021116444 0.451471387699343 54282 24496 4796183 4.80512200634897 4.5336589779712 5.08990257333457 0
CN_merged_cutsite_peaks.narrowPeak.hg19.bed 8027 6451.64946321906 2.04107468544765e-132 427414 24496 4796183 5.05813560522028 4.92291099922027 5.19635718461058 0
CN_merged_footprint.dnase2tf.bed 451 377.401561873068 1.76263717193753e-05 8420 24496 4796183 11.2121593757507 10.1690670569467 12.3380843532749 2.08783586324504e-291
CN_merged_footprint.dnase2tf.hg19.bed 428 314.238823513225 6.50441159011399e-11 18751 24496 4796183 4.61322541565243 4.17842246840175 5.0818882806185 1.28066270369402e-138
Coding_UCSC.bed 6356 4452.68780385625 1.49827233638038e-245 365103 24496 4796183 4.31025413498004 4.18719782461805 4.43660653882907 0
Conserved_LindbladToh.bed 10063 7983.51599012431 2.26382088939126e-223 489525 24496 4796183 6.24088730566586 6.08276806374234 6.40347706202362 0
CTCF_Hoffman.bed 7014 6738.9340896024 4.3302650113512e-06 347564 24496 4796183 5.22042565334855 5.0762645490035 5.36817341766353 0
DHS_peaks_Trynka.bed 19500 17891.6536735773 5.47080723053764e-165 1345818 24496 4796183 10.1388964420528 9.82801930809621 10.4643518344675 0
DN_all_peaks.narrowPeak.cleaned.hg19.merged.bed 12963 11161.0621879967 1.93031956302113e-142 804560 24496 4796183 5.65141964308732 5.50986886140313 5.79711357647121 0
DN_all_peaks.overlap.Conserved.bed 3087 2015.22299847945 1.20505859495931e-142 121923 24496 4796183 5.64618500105828 5.43228963496178 5.86579040646978 0
DN_all_peaks.overlap.footprint.bed 1961 1653.21707335071 4.49561568890094e-19 65935 24496 4796183 6.40354268464278 6.10742035636268 6.71105860145559 0
DNaseI.bed 9354 7576.59936646074 5.43516678035955e-154 688758 24496 4796183 3.72101892068759 3.62577450457176 3.81871758355431 0
DN_footprint.hg19.bed 1961 1654.04329831181 5.56583249169592e-19 66018 24496 4796183 6.39513176982834 6.09986221929549 6.70238709686385 0
DN_merged_cutsite_peaks.narrowPeak.hg19.bed 11631 9975.08909757348 1.13690090157517e-122 683349 24496 4796183 5.51829990936326 5.38086373910761 5.65862709695759 0
DN_merged_footprint.dnase2tf.bed 1074 939.305407327538 2.42158102195076e-07 29167 24496 4796183 7.74272827534067 7.26930687362389 8.24290394394108 0
DN_merged_footprint.dnase2tf.hg19.bed 2147 1585.58903276185 3.97885731909264e-55 72331 24496 4796183 6.43526760819788 6.1500346126883 6.73053080569218 0
E081-DNase.macs2.narrowPeak.bed 86 31.3493160569034 1.0418136623706e-19 1582 24496 4796183 11.2353317705156 8.92875708319466 13.9680841917936 1.95157694480466e-57
E8_TCM_D_48h.bed 11836 9172.06900960019 0 613817 24496 4796183 6.47580325230163 6.31473670742733 6.64063415563107 0
E8_TCM_T_48h.bed 11053 8335.73535167218 0 552414 24496 4796183 6.42493445560949 6.26331775172289 6.59088106918484 0
Enhancer_Andersson.bed 2526 1779.62703790477 1.39535756452025e-86 79212 24496 4796183 7.03815204759022 6.74758262187833 7.33959116199377 0
Enhancer_Hoffman.bed 11184 7730.54347974401 0 571696 24496 4796183 6.31328238081315 6.15349271632824 6.47442394877923 0
eQTL_0.05_FDR.bed 158 127.376479497331 0.00203491324703655 2687 24496 4796183 12.2421366929796 10.3524353263458 14.3942204568663 4.31570061612927e-109
eQTL_0.1_FDR.bed 219 155.698942255893 9.17366341929786e-08 4068 24496 4796183 11.1756730926681 9.70252786665125 12.8198406263848 1.17551877743238e-142
FAIRE.bed 4689 4291.49442119917 4.65667345303186e-14 199982 24496 4796183 5.54736125715149 5.3706443676784 5.72931019778325 0
fantomFetalBrainCage.gt10.bed 0 NA NA 63 24496 4796183 0 0 11.7499407054271 1
FetalDHS_Trynka.bed 17690 15448.9529404361 1.84624808687777e-258 1099704 24496 4796183 8.86331927734182 8.61664079693889 9.11876343011036 0
FOSL2.bed 2051 1543.51092387075 1.5410356777119e-44 82365 24496 4796183 5.33825171259024 5.09577630564991 5.58837979145279 0
FOXO1_DeMayo.bed 2500 1863.7696738203 3.01125777870283e-57 114818 24496 4796183 4.71505344471784 4.52002979379828 4.91696329648572 0
GA_all_peaks.narrowPeak.cleaned.hg19.merged.100418.bed 11937 9939.55998453546 1.95820661687189e-181 696882 24496 4796183 5.67107155296024 5.5301182617893 5.81683673547545 0
GA_all_peaks.narrowPeak.cleaned.hg19.merged.bed 12756 11431.311409221 6.63865012374266e-80 837460 24496 4796183 5.2002235116663 5.0702511613837 5.3339122060563 0
GA_all_peaks.overlap.Conserved.bed 2089 1306.58243752569 8.81411931140593e-114 77986 24496 4796183 5.7681369612602 5.50868805930239 6.03656798790697 0
GA_merged_cutsite_peaks.narrowPeak.hg19.bed 11978 10546.3246289371 3.54759897148385e-93 749016 24496 4796183 5.23810781816563 5.10800284466586 5.37280975201372 0
GA_merged_footprint.dnase2tf.hg19.bed 2492 1892.10906288601 5.40185430647836e-51 108989 24496 4796183 4.96093238787059 4.7561652528047 5.17365673967201 0
GSM1820082_d27_fdr0.05.hot.bed 5497 4064.78122330215 1.77182531433251e-147 275828 24496 4796183 4.81751027273255 4.67332645274993 4.96626678486963 0
GSM1820085_d411_fdr0.05.hot.bed 2685 1652.11957011309 3.64060797183607e-156 100967 24496 4796183 5.85363538528446 5.61853890508651 6.095890347299 0
GSM1820087_d412_fdr0.05.hot.bed 3775 2693.18759702507 1.62490075679841e-115 181172 24496 4796183 4.71812460923995 4.55462407403984 4.88648255052299 0
H3K27ac.bed 2808 1556.43403472371 5.55683444638329e-236 95247 24496 4796183 6.55380248765121 6.29487896939276 6.82015823051471 0
h3k27ac-final-C-48h.bed 8978 5881.067398033 0 604407 24496 4796183 4.05833451302739 3.95289256324568 4.16543758918858 0
h3k27ac-final-D-48h.bed 9453 6205.71057208451 0 635239 24496 4796183 4.16358966406077 4.056777044111 4.27274030877853 0
H3K27ac_Hnisz.bed 21154 17982.2163076469 0 2795479 24496 4796183 4.55703999750024 4.39393686434483 4.7279277197439 0
H3K27ac_PGC2.bed 20801 17583.4503641967 0 2282675 24496 4796183 6.24632396615034 6.03117026661842 6.47233047226383 0
H3K27me3.bed 390 431.631843052023 0.985473530960409 29126 24496 4796183 2.67024763395513 2.40831067707494 2.95347666667629 1.20698559567329e-61
h3k4me1-final-C-48h.bed 13340 9401.60271581173 0 967448 24496 4796183 4.7845153370293 4.6655342537976 4.90793863072967 0
h3k4me1-final-D-48h.bed 13497 9312.46451787543 0 950866 24496 4796183 5.01951782442756 4.89356846764743 5.14907597839759 0
H3K4me1_peaks_Trynka.bed 21309 19117.4260300305 0 1859742 24496 4796183 10.6671397387492 10.2774951986805 11.0786800107814 0
H3K4me3.bed 3828 2338.09999995027 1.14923677523833e-225 197939 24496 4796183 4.3677620206594 4.21739768414338 4.52254999013693 0
h3k4me3-final-C-48h.bed 6020 3452.86818230962 0 321010 24496 4796183 4.61005646054478 4.47627676313484 4.74786351594244 0
h3k4me3-final-D-48h.bed 6180 3545.82694409088 0 342573 24496 4796183 4.44877254305907 4.32047139738314 4.58044294054833 0
H3K4me3_peaks_Trynka.bed 13655 10507.8476203355 0 678033 24496 4796183 7.78688466636206 7.59267419471889 7.98896742310294 0
H3K9ac_peaks_Trynka.bed 12966 9710.20428410234 0 671206 24496 4796183 7.02833988858312 6.85201066542971 7.2072857553313 0
hic_all_interacting_DT1_dTL4_D_48h.bed 10192 6807.50941621374 0 485930 24496 4796183 6.43414775660596 6.27004667847969 6.60046694460489 0
hic_all_interacting_DT1_dTL4_D_48h_expanded.bed 14130 9980.13514463304 0 1102375 24496 4796183 4.61389434989045 4.49724078331275 4.73267423680869 0
hic_harmonizome_interacting_DT1_dTL4_D_48h.bed 1727 862.960167495306 1.08987349294973e-173 65070 24496 4796183 5.63786397129956 5.36235996374326 5.92525544419502 0
hic_human_gain_interacting_DT1_dTL4_D_48h.bed 463 231.921762434683 7.12483002773913e-47 16379 24496 4796183 5.7564182864422 5.23267786662083 6.31955927476247 6.76618293348584e-185
Humanfrontcortex.bed 6460 4678.92599518109 1.17467543963257e-211 276925 24496 4796183 5.96089876654236 5.7907900380114 6.13384159828554 0
in.sorted.bed 0 NA NA 4 24496 4796183 0 0 294.901441530533 1
Intron_UCSC.bed 18392 17951.5371181335 1.07223034856695e-38 3963758 24496 4796183 0.631069028517717 0.612967627390412 0.649798552094037 1.30037259914037e-195
ips_all_peaks.narrowPeak.cleaned.hg19.merged.bed 16044 14089.24020465 2.63828380492031e-177 1048978 24496 4796183 6.8708050764299 6.69156513987327 7.05436487120301 0
ips_all_peaks.overlap.Conserved.bed 2727 1748.29092233752 2.08097063810856e-141 100677 24496 4796183 5.97728069014152 5.73949081261324 6.22296056874039 0
ips_all_peaks.overlap.footprint.bed 3366 2810.98314335338 1.74585616527931e-34 133761 24496 4796183 5.66915014732452 5.46385852432779 5.88273285901529 0
ips_footprint.hg19.bed 7165 6460.44746133621 6.31741228138307e-33 303389 24496 4796183 6.24612159708365 6.07321633335506 6.42198592755612 0
ips_footprint.hg19.s+.bed 4095 3711.84680932779 2.12492815520379e-14 170375 24496 4796183 5.55931462489306 5.37255117748933 5.75072055669301 0
ips_footprint.hg19.s-.bed 4783 4255.90205293108 4.35291966992628e-26 175206 24496 4796183 6.55081127310519 6.34234321582371 6.76322114548865 0
ips_merged_cutsite_peaks.narrowPeak.hg19.bed 13934 12391.587467166 1.06721931872989e-108 849036 24496 4796183 6.21888518331415 6.06317872818963 6.38046454948548 0
IPS_merged_footprint.dnase2tf.bed 1477 1178.89553251353 9.93532032445928e-27 28354 24496 4796183 11.3273520213944 10.7218100059497 11.9525001628837 0
IPS_merged_footprint.dnase2tf.hg19.bed 926 753.42971143564 9.83616734093751e-13 27146 24496 4796183 7.11144147275818 6.64408547560868 7.60176470924292 0
Noonan_hNSC_50_peaks.bed 4240 3145.45176553658 8.64671764604109e-108 173753 24496 4796183 5.68272514182763 5.49519939027465 5.8770258235856 0
Noonan_hNSC_P15-1_peaks.bed 3042 2006.26200230557 5.63104459347372e-134 106103 24496 4796183 6.42306351748966 6.17819041991795 6.67496599131064 0
Noonan_hNSC_P5-1_peaks.bed 2789 1808.04120386506 1.15364879264992e-135 92132 24496 4796183 6.73360153878131 6.46733365104434 7.0081936539811 0
Noonan_hNSC_P5-2_peaks.bed 3007 2071.72156878785 2.19383101306316e-113 102675 24496 4796183 6.55937419726639 6.30908264939988 6.81790563448199 0
Noonan_union.bed 7611 6180.8575174503 7.28948134368704e-107 613520 24496 4796183 3.09906770834344 3.01553467468114 3.18473634927037 0
NR2F2.bed 1960 1298.74916880242 6.31527861192943e-83 72644 24496 4796183 5.78422368414833 5.51791030701459 6.06085208172804 0
NSC_all_peaks.narrowPeak.cleaned.hg19.merged.bed 8404 7185.00165365091 9.75572557691263e-79 465281 24496 4796183 4.93221222089618 4.80270810943566 5.06475845406804 0
NSC_all_peaks.overlap.Conserved.bed 1949 1130.4774491226 2.99535815233508e-139 67151 24496 4796183 6.23955482012255 5.95002778463059 6.53960225799683 0
NSC_all_peaks.overlap.footprint.bed 2220 1550.16407162636 3.74474018304091e-75 84351 24496 4796183 5.6903339877901 5.4419837268245 5.94778411442386 0
NSC_footprint.hg19.bed 12272 11158.1511315045 8.42983032422001e-67 554360 24496 4796183 7.83285067445356 7.63729899939125 8.03339456952828 0
NSC_footprint.hg19.s+.bed 8627 7610.35133155057 7.542081536465e-64 327445 24496 4796183 7.59307239179427 7.39535033325897 7.79637067688197 0
NSC_footprint.hg19.s-.bed 8352 7622.68608207043 1.75604505775424e-34 331921 24496 4796183 7.11198927110161 6.92534151079801 7.30483337430589 0
NSC_merged_cutsite_peaks.narrowPeak.hg19.bed 7364 5752.54918342892 2.22811842167735e-148 382178 24496 4796183 5.0423586978596 4.90548060971728 5.18352263617415 0
NSC_merged_footprint.dnase2tf.bed 482 358.898978371184 7.3240218577611e-13 7447 24496 4796183 13.7355887055923 12.4873186497596 15.0742149880384 0
NSC_merged_footprint.dnase2tf.hg19.bed 256 184.365675913107 8.63721549054039e-08 12495 24496 4796183 4.10647832248835 3.61261984925263 4.65145188188269 3.6535649306871e-74
PGR-A_Bagchi.bed 1116 875.674318753467 1.42664127002541e-19 47356 24496 4796183 4.87785311002367 4.58670390816145 5.18470716930266 0
PGR-B_Bagchi.bed 1750 1339.12057665835 2.97736331522791e-34 82872 24496 4796183 4.44857725322475 4.23349192921164 4.6731116178726 0
PGR_Demayo.bed 768 538.262881869738 3.01277723176723e-25 32269 24496 4796183 4.87014753896315 4.52318412905356 5.23792431020813 1.41691754683424e-259
PLZF.bed 167 92.3964192315703 2.05359841787344e-14 4944 24496 4796183 6.8488432969307 5.83283481925146 7.99619406889139 1.09304847905251e-78
POLII_DeMayo.bed 6218 3273.83663981342 0 575869 24496 4796183 2.50927669492989 2.43757095713641 2.58301702502206 0
pooled_ASD_cand_peaks.bed 262 170.245126606983 4.44098874433578e-14 10744 24496 4796183 4.91006778550772 4.32490623918982 5.55580599551336 2.03611962257614e-91
pooled_ASD_cand_peaks.hg19.bed 506 622.62056713699 0.999999819195816 61673 24496 4796183 1.62430525773293 1.48392525620363 1.77458596703538 1.53147388040124e-23
pooled_ASD_sign_peaks.bed 81 55.1674926643814 0.000135789187191487 2844 24496 4796183 5.72610571753103 4.53176408575776 7.14480278100859 5.87046636826659e-34
pooled_ASD_sign_peaks.hg19.bed 246 169.089116661903 3.55212034715909e-09 13245 24496 4796183 3.71375690255395 3.25790197895501 4.21593368068181 1.83982698727753e-63
PromoterFlanking_Hoffman.bed 4482 2910.10573118301 3.20037444373526e-225 163563 24496 4796183 6.49328245961771 6.28346130489557 6.70879571747382 0
Promoter_UCSC.bed 5968 4452.69602192765 5.67471918085359e-152 495587 24496 4796183 2.81704154081767 2.73507475642772 2.90079600043945 0
Repressed_Hoffman.bed 12455 17231.6182050591 1 1856179 24496 4796183 1.6426121621929 1.60184224538321 1.68458250362425 0
SuperEnhancer_Hnisz.bed 10898 7056.2011283366 0 1292732 24496 4796183 2.18200323618821 2.12737994382293 2.23803732827548 0
TFBS_ENCODE.bed 20133 17786.2821521819 0 1476898 24496 4796183 10.499440683769 10.1593527671695 10.8538653670825 0
TSS_Hoffman.bed 6552 3826.18961724362 0 303528 24496 4796183 5.50124996000841 5.34681829095459 5.66074501203772 0
UTR_3_UCSC.bed 3918 2965.67317815044 3.4029200563999e-87 239721 24496 4796183 3.66237308470383 3.53742185082255 3.79088096006314 0
UTR_5_UCSC.bed 2782 2150.50545007721 2.06338216487911e-51 138569 24496 4796183 4.37413110985325 4.20185193303326 4.55213299709884 0
WeakEnhancer_Hoffman.bed 7932 6264.3935616638 1.51084171744059e-160 344712 24496 4796183 6.30602134269802 6.1363283255241 6.48018766179713 0
