Bed_File InBed_Index_SNP ExpectNum_of_InBed_SNP PValue N1_N2 Np Np_Nn odds low high p_fisher
1_GATA2_1-Interval-Track.bed 2603 2205.92743216737 5.55812848596562e-24 170120 13962 4135824 5.40857175650851 5.1806641166666 5.64683222488102 0
1_GATA2-Interval-Track.bed 2603 2205.92743216737 5.55812848596562e-24 170120 13962 4135824 5.40857175650851 5.1806641166666 5.64683222488102 0
adult_peaks.bed 8 6.91613716100918 0.386868687257486 492 13962 4135824 4.88250859838575 2.09519854955506 9.69916289877145 0.000320929649535212
All_peaks.merged5.hg19.bed 10534 10343.7266688312 1.49675979489106e-05 1125197 13962 4135824 8.28978916105697 7.97637570746322 8.61780775120491 0
All_peaks.narrowPeak.cleaned.hg19.merged.bed 10534 10343.7266688312 1.49675979489106e-05 1125197 13962 4135824 8.28978916105697 7.97637570746322 8.61780775120491 0
CN_all_peaks.narrowPeak.cleaned.hg19.merged.bed 4555 4399.88189309562 0.00110584640579 374772 13962 4135824 4.90687521466201 4.73424783446444 5.08444203258652 0
CN_all_peaks.overlap.Conserved.bed 918 745.395174978557 7.08649417409987e-12 54313 13962 4135824 5.36301064283429 5.00726232273164 5.73707861474902 0
CN_all_peaks.overlap.footprint.bed 725 702.595716012283 0.179119167893033 37188 13962 4135824 6.13653454404739 5.68215135711491 6.61718054414696 4.19510815904984e-302
CN_footprint.hg19.bed 725 703.115356953369 0.184899178325005 37233 13962 4135824 6.12890332442045 5.67493855166965 6.60935080402828 8.79341580023116e-302
CN_merged_cutsite_peaks.narrowPeak.hg19.bed 3692 3509.47952452835 6.99190306286181e-05 308324 13962 4135824 4.50474887978212 4.3359411797838 4.67907438604388 0
CN_merged_footprint.dnase2tf.bed 367 331.273216651914 0.01364668683715 5750 13962 4135824 20.6414892337027 18.4932439194031 22.9918687820149 0
CN_merged_footprint.dnase2tf.hg19.bed 367 247.956582300262 6.60729764140629e-15 13813 13962 4135824 8.24799221383755 7.40600783257474 9.16524810617332 2.75542330102574e-195
Coding_UCSC.bed 3424 2598.76025023308 4.01573584222163e-84 273354 13962 4135824 4.63664618056916 4.45895281430186 4.82069770166167 0
Conserved_LindbladToh.bed 5283 4886.2115851333 1.16266612323722e-16 355387 13962 4135824 6.55693750773906 6.33385337936078 6.78805391814404 0
CTCF_Hoffman.bed 4532 4186.06866659831 1.44293574552507e-13 245744 13962 4135824 7.73010211846148 7.45768853724821 8.011724977974 0
DHS_peaks_Trynka.bed 11242 10445.6653033854 3.98497905106467e-77 989508 13962 4135824 13.2810014515736 12.7353820963189 13.8545986854346 0
DN_all_peaks.narrowPeak.cleaned.hg19.merged.bed 6667 6291.21688238235 1.87203209243504e-12 584234 13962 4135824 5.60836463792607 5.42362626966122 5.79853990270175 0
DN_all_peaks.overlap.Conserved.bed 1316 1100.70920674408 1.33201703395945e-12 86968 13962 4135824 4.90359796027403 4.62770561790453 5.19241318951123 0
DN_all_peaks.overlap.footprint.bed 957 951.726001084088 0.428927965246422 44823 13962 4135824 6.8404836593104 6.39489421252138 7.31140119020495 0
DNaseI.bed 5370 4619.24620197374 2.03916947118954e-50 532562 13962 4135824 4.26192726651886 4.11735942081525 4.41038922153713 0
DN_footprint.hg19.bed 957 951.875254767307 0.431082518562616 44885 13962 4135824 6.83076676176881 6.38663109255428 7.30095290405579 0
DN_merged_cutsite_peaks.narrowPeak.hg19.bed 5661 5668.18254720748 0.557244288365134 492885 13962 4135824 5.0874653906754 4.91691339319788 5.2633459442507 0
DN_merged_footprint.dnase2tf.bed 662 571.880374443822 1.49211286301782e-05 19326 13962 4135824 10.9439371279478 10.0903318945239 11.8477747663573 0
DN_merged_footprint.dnase2tf.hg19.bed 849 816.694554123433 0.112707245509654 50337 13962 4135824 5.32843566614496 4.96255041637358 5.71536266377437 4.04251765875403e-310
E081-DNase.macs2.narrowPeak.bed 1 10.632357596509 0.999988990439059 1081 13962 4135824 0.273300597281177 0.00691556336564701 1.52622477155154 0.28285625415411
E8_TCM_D_48h.bed 6767 5722.41605630835 3.60291889528576e-95 444586 13962 4135824 7.91328298783295 7.65484149000827 8.18497694383933 0
E8_TCM_T_48h.bed 6558 5238.85757762728 1.15026330416924e-149 399104 13962 4135824 8.41478961824059 8.13635176774295 8.70336090194028 0
Enhancer_Andersson.bed 1872 1169.34873335436 2.77345584783241e-108 56126 13962 4135824 11.6057613019704 11.0395385817858 12.2004257847766 0
Enhancer_Hoffman.bed 6332 4618.69207470989 4.85541025929186e-247 423861 13962 4135824 7.3622126733699 7.11888478614553 7.61597639108406 0
eQTL_0.05_FDR.bed 75 95.4691380294039 0.993106653007611 1672 13962 4135824 13.9374912200381 10.8958503002156 17.5845924056628 7.20675791357494e-57
eQTL_0.1_FDR.bed 76 117.863165168208 0.999997526299665 2506 13962 4135824 9.27613904323435 7.2806855019629 11.662869810743 1.30434996779507e-45
eur_ld_breakpoints.bed 13962 13961.9967222483 5.14548824876292 4135818 13962 4135824 Inf 0.00399337730010748 Inf 1
eur_ld_breakpoints_named.bed 13962 13961.9967222483 5.14548824876292 4135818 13962 4135824 Inf 0.00399337730010748 Inf 1
eur_ld_breakpoints_named_sorted.bed 13962 13961.9967222483 5.14548824876292 4135818 13962 4135824 Inf 0.00399337730010748 Inf 1
eur_ld_breakpoints_sorted.bed 13962 13961.9967222483 5.14548824876292 4135818 13962 4135824 Inf 0.00399337730010748 Inf 1
FAIRE.bed 2132 2220.19562598196 0.987533516900899 136701 13962 4135824 5.33988026963696 5.0958370894777 5.59516170351023 0
fantomFetalBrainCage.gt10.bed 0 NA NA 51 13962 4135824 0 0 22.1530865481466 1
FetalDHS_Trynka.bed 9965 9069.03742305185 5.35007074995019e-78 802619 13962 4135824 10.4712454973812 10.0913408257943 10.8692763945657 0
FOSL2.bed 1002 905.553465777576 0.000260685863490465 57560 13962 4135824 5.55788922075631 5.20396293912429 5.93057339819388 0
FOXO1_DeMayo.bed 1094 989.950006200354 0.000192797803341439 80551 13962 4135824 4.32549892676529 4.06096795433479 4.60317707728542 1.08664798146324e-319
GA_all_peaks.narrowPeak.cleaned.hg19.merged.100418.bed 6102 5322.36343858574 8.41959175920606e-52 502886 13962 4135824 5.66500460426419 5.47705525674374 5.85853109589335 0
GA_all_peaks.narrowPeak.cleaned.hg19.merged.bed 6775 6611.50807612706 0.000991122689829893 611072 13962 4135824 5.48730201120501 5.30733687488627 5.67347535713983 0
GA_all_peaks.overlap.Conserved.bed 946 683.292574956253 2.5411239947453e-26 55591 13962 4135824 5.41017944522356 5.05590651154733 5.78240728786243 0
GA_merged_cutsite_peaks.narrowPeak.hg19.bed 6349 6083.02471056812 2.51681701396847e-07 544202 13962 4135824 5.55722185998155 5.37344405566382 5.74741239618761 0
GA_merged_footprint.dnase2tf.hg19.bed 1434 1169.48997809188 1.12818568681226e-18 77246 13962 4135824 6.10881151559677 5.77758432252474 6.4560862587351 0
GSM1820082_d27_fdr0.05.hot.bed 2514 2076.33099765564 1.67184509199157e-29 198145 13962 4135824 4.40731776581688 4.21846552086716 4.60306961715836 0
GSM1820085_d411_fdr0.05.hot.bed 1064 753.258206344236 1.61209781695308e-32 71046 13962 4135824 4.77577014304705 4.48102351258505 5.08757367409956 0
GSM1820087_d412_fdr0.05.hot.bed 1676 1355.56698677915 7.08353379888668e-23 129472 13962 4135824 4.26345187559355 4.04728472066175 4.48859900220358 0
H3K27ac.bed 1611 981.070852354529 9.23992298034997e-104 68682 13962 4135824 7.88583220459213 7.47899526936431 8.31090766894261 0
h3k27ac-final-C-48h.bed 4366 3257.82472886402 8.86088381659457e-117 466018 13962 4135824 3.60731620443021 3.47892172025028 3.73982031972955 0
h3k27ac-final-D-48h.bed 4573 3473.48938886672 1.65566197898266e-111 491028 13962 4135824 3.63991918468123 3.51223252449366 3.77180995455416 0
H3K27ac_Hnisz.bed 12084 10427.4349526795 7.57369212160423e-298 2338622 13962 4135824 4.96528999663583 4.72937747697348 5.21577225597792 0
H3K27ac_PGC2.bed 12096 10202.1437280502 0 1850052 13962 4135824 8.05483702521247 7.67223860482691 8.46155961482676 0
H3K27me3.bed 349 319.342700571625 0.040723826633776 21068 13962 4135824 5.07513388532544 4.54644893747526 5.64904164022582 9.94518019013493e-125
h3k4me1-final-C-48h.bed 6926 5388.19453970977 2.11294233362698e-182 746414 13962 4135824 4.5024483578197 4.35452810817798 4.65489547589768 0
h3k4me1-final-D-48h.bed 6851 5255.90103233153 5.70819834942842e-196 731980 13962 4135824 4.51306762491504 4.3647318202121 4.6665197621172 0
H3K4me1_peaks_Trynka.bed 12213 11141.3602414914 3.03317369612087e-158 1432294 13962 4135824 13.286256758771 12.6307550185651 13.9732788632251 0
H3K4me3.bed 2132 1388.29265096536 6.45993876444539e-100 146625 13962 4135824 4.96079425432762 4.73370132189638 5.19693024361002 0
h3k4me3-final-C-48h.bed 2965 1971.6670372189 8.64848823684957e-132 242133 13962 4135824 4.37708236715273 4.20080207617856 4.55957732282138 0
h3k4me3-final-D-48h.bed 3104 2061.8481923241 8.339808179638e-140 259703 13962 4135824 4.30630905955872 4.13617678471003 4.48226484473675 0
H3K4me3_peaks_Trynka.bed 8033 6313.1116222735 3.11687401627263e-251 492780 13962 4135824 10.1660108860021 9.8285877094548 10.5180606027284 0
H3K9ac_peaks_Trynka.bed 7727 6051.82536246486 2.47835371676049e-246 491089 13962 4135824 9.32793404200986 9.01804571416709 9.64586875275183 0
hic_all_interacting_DT1_dTL4_D_48h.bed 6204 4272.39093727858 0 358611 13962 4135824 8.55374990924372 8.27046962060328 8.84740137138437 0
hic_all_interacting_DT1_dTL4_D_48h_expanded.bed 8396 5996.98270868799 0 870794 13962 4135824 5.70121838974147 5.51030256576817 5.89883593083985 0
hic_harmonizome_interacting_DT1_dTL4_D_48h.bed 777 495.871682240225 6.75940042558515e-38 47241 13962 4135824 5.16919942331737 4.79933515419294 5.56075678528854 1.64973668737912e-276
hic_human_gain_interacting_DT1_dTL4_D_48h.bed 436 160.2261457539 9.97991887033328e-90 12396 13962 4135824 11.0767436121805 10.0316498850485 12.2089098275125 3.39430880411766e-280
Humanfrontcortex.bed 3639 2916.52440894389 3.92991595897685e-64 198107 13962 4135824 7.11984766602516 6.85217185095987 7.39727301497514 0
in.sorted.bed 0 NA NA 0 13962 4135824 0 0 Inf 1
Intron_UCSC.bed 10192 10139.7877397106 0.0204894068175417 3349674 13962 4135824 0.633369907680551 0.610031434217237 0.657719411061507 1.93670703555771e-117
ips_all_peaks.narrowPeak.cleaned.hg19.merged.bed 8809 8067.54975601497 1.29425485065193e-46 771387 13962 4135824 7.53155001750119 7.27316112240188 7.79438818981635 0
ips_all_peaks.overlap.Conserved.bed 1351 1071.71557507478 4.8600539724777e-23 72457 13962 4135824 6.10283153612159 5.76196578798973 6.45931027363978 0
ips_all_peaks.overlap.footprint.bed 1947 1624.69494013609 5.49273310369783e-21 92916 13962 4135824 7.17930756483856 6.83697351644841 7.53630698465906 0
ips_footprint.hg19.bed 4553 4146.70322847679 2.22139528719541e-20 211313 13962 4135824 9.1634184365727 8.83948136151762 9.49400863650414 0
ips_footprint.hg19.s+.bed 2689 2477.57431265691 4.2678240967643e-08 118418 13962 4135824 8.25776618019944 7.90951511407862 8.61832162919348 0
ips_footprint.hg19.s-.bed 3112 2826.60128550657 1.64697129428698e-13 120651 13962 4135824 9.76867429269994 9.3823499118271 10.1745617555183 0
ips_merged_cutsite_peaks.narrowPeak.hg19.bed 7702 7093.6671568268 8.07108641004762e-32 617939 13962 4135824 7.0800864465155 6.84754805461527 7.32260577378 0
IPS_merged_footprint.dnase2tf.bed 1063 945.935652498902 8.11819904841657e-07 18994 13962 4135824 18.8622067628772 17.6649465962353 20.1277995106921 0
IPS_merged_footprint.dnase2tf.hg19.bed 491 467.972482760917 0.125376776742737 19311 13962 4135824 7.94635259716217 7.2399743996817 8.70628186609384 5.84211792533565e-253
Noonan_hNSC_50_peaks.bed 2188 1819.76797031376 3.77410885218992e-24 122966 13962 4135824 6.15617848507476 5.87705259856214 6.4463489488447 0
Noonan_hNSC_P15-1_peaks.bed 1739 1223.09527583961 1.8949466581336e-57 75157 13962 4135824 7.84576134876978 7.452331397944 8.25468530582973 0
Noonan_hNSC_P5-1_peaks.bed 1327 984.077432807478 1.26895176824304e-32 64807 13962 4135824 6.71440089282375 6.33734863682013 7.10881471905151 0
Noonan_hNSC_P5-2_peaks.bed 1329 1109.93641423546 2.57959581358942e-13 71736 13962 4135824 6.05354083606625 5.71434220398113 6.40983219992549 0
Noonan_union.bed 3884 3592.42364154298 1.33674368891297e-09 469952 13962 4135824 3.02295483645883 2.91219452353177 3.13792280144326 0
NR2F2.bed 779 694.249962149752 0.000325938927628219 51003 13962 4135824 4.79045307266745 4.4479972125573 5.15301034601779 4.45094423912539e-257
NSC_all_peaks.narrowPeak.cleaned.hg19.merged.bed 3833 3708.14761324008 0.00489913921440041 333521 13962 4135824 4.35285720274871 4.19209453940936 4.51871196202049 0
NSC_all_peaks.overlap.Conserved.bed 773 608.340972780931 1.92900430402619e-12 48352 13962 4135824 5.01842931593113 4.65864051852116 5.39982072486196 2.39094365138507e-267
NSC_all_peaks.overlap.footprint.bed 1186 895.279437486528 6.54461395968163e-27 59697 13962 4135824 6.44659329649699 6.06590766894908 6.84629694628624 0
NSC_footprint.hg19.bed 7445 6816.56806980782 2.58534216313669e-40 390683 13962 4135824 11.144521947579 10.7801683403223 11.5237477724281 0
NSC_footprint.hg19.s+.bed 5350 4932.01487102752 8.34947190059828e-22 229119 13962 4135824 10.8219473634837 10.4540137875556 11.201370850993 0
NSC_footprint.hg19.s-.bed 5291 4845.15456072313 4.58595087912157e-24 230845 13962 4135824 10.5408882431638 10.179774541076 10.9083282197794 0
NSC_merged_cutsite_peaks.narrowPeak.hg19.bed 3330 3054.23817752862 8.62461147928047e-10 275693 13962 4135824 4.42681369049664 4.25569728883425 4.60372134227088 0
NSC_merged_footprint.dnase2tf.bed 375 317.746406866309 0.00014628274293598 4994 13962 4135824 24.6114948413998 22.0642103024538 27.3955104467272 0
NSC_merged_footprint.dnase2tf.hg19.bed 181 120.419200684171 2.40805617901465e-08 9289 13962 4135824 5.93058417479706 5.08625443417854 6.87832753582168 7.37653840422868e-76
PGR-A_Bagchi.bed 636 566.986927351641 0.000792486835294504 33625 13962 4135824 5.91540789922673 5.45044945191164 6.41150056604195 1.230745979449e-257
PGR-B_Bagchi.bed 937 803.314112361282 2.09967051006812e-07 59166 13962 4135824 5.02014182096844 4.69076384371473 5.36790657439375 4.54540394173947e-322
PGR_Demayo.bed 267 256.672251034911 0.257090612341335 22304 13962 4135824 3.62736040810505 3.19884380979689 4.09743686750305 1.1725077334829e-66
PLZF.bed 144 72.7056473706333 7.86462367688926e-18 3545 13962 4135824 12.6186758108987 10.5989049999638 14.9322365278962 9.5321066853032e-102
POLII_DeMayo.bed 2938 1739.813690668 6.31164216351085e-205 480289 13962 4135824 2.03479160186957 1.95270635251454 2.11970344340277 1.38517491150081e-221
pooled_ASD_cand_peaks.bed 110 78.9286515161165 0.000336780763326687 8014 13962 4135824 4.13326174394766 3.3900865156972 4.99349033260026 2.65040689051964e-33
pooled_ASD_cand_peaks.hg19.bed 365 312.740613251401 0.00145407901890855 45924 13962 4135824 2.40166854399316 2.15788025570819 2.66648495447549 1.38467907418757e-47
pooled_ASD_sign_peaks.bed 50 25.6523986640356 4.14827558142167e-06 2084 13962 4135824 7.28015175368595 5.38243733099564 9.6400198081627 4.68993783351919e-26
pooled_ASD_sign_peaks.hg19.bed 102 81.1690966506987 0.0118512733764925 9334 13962 4135824 3.27836001578429 2.66844191090635 3.98743281723938 1.37973880577248e-23
PromoterFlanking_Hoffman.bed 2542 1785.50793580031 2.58292950031196e-90 116074 13962 4135824 7.85978541878374 7.52296744763153 8.20709220752095 0
Promoter_UCSC.bed 3763 2598.10983520636 1.75194670130115e-153 383123 13962 4135824 3.63986826513304 3.50472447982045 3.77983072657667 0
Repressed_Hoffman.bed 7561 10027.4288620154 1 1491070 13962 4135824 2.10078892054966 2.03147678197394 2.1722835939272 0
SuperEnhancer_Hnisz.bed 6141 4078.85400603028 0 1099237 13962 4135824 2.17566879755406 2.10365783799407 2.25002886529343 0
TFBS_ENCODE.bed 11432 10346.6140743517 3.86044102790273e-135 1112833 13962 4135824 12.3915141962976 11.8666681782455 12.9447975052339 0
TSS_Hoffman.bed 3913 2411.36829183491 3.65632977712024e-265 227806 13962 4135824 6.77888996775284 6.52978273830965 7.03585927484054 0
UTR_3_UCSC.bed 2362 1665.30813020291 2.33646434986648e-79 177110 13962 4135824 4.59925943840766 4.39676252081167 4.80868613969839 0
UTR_5_UCSC.bed 1667 1412.7015485448 1.24060866790238e-14 100390 13962 4135824 5.52435192370438 5.24370013685728 5.81894799701013 0
WeakEnhancer_Hoffman.bed 5006 4075.25214443886 1.85918012339156e-87 246319 13962 4135824 8.98932398287433 8.6793278515761 9.30952327700899 0
